4,8,3,5
8,4,3,1
6,6,5,3
6,6,3,1
8,8,3,1
8,8,3,5
8,8,7,5
16,4,7,1
4,16,3,9
12,6,3,1
12,6,11,3
6,12,3,1
6,12,5,9
12,8,11,5
24,4,11,1
4,24,3,13
8,12,3,1
10,10,9,7
10,10,3,1
6,18,3,1
18,6,17,3
4,32,3,17
8,16,7,5
8,16,7,13
8,16,7,9
8,16,3,9
8,16,3,1
32,4,15,1
16,8,11,1
16,8,7,1
16,8,15,5
16,8,3,1
16,8,7,5
24,6,15,1
24,6,23,3
6,24,3,1
6,24,5,9
12,12,3,1
12,12,11,9
40,4,19,1
20,8,19,5
4,40,3,21
8,20,3,1
30,6,9,1
30,6,29,3
6,30,3,1
6,30,5,21
48,4,23,1
24,8,11,1
24,8,11,5
24,8,23,5
16,12,7,1
4,48,3,25
12,16,11,9
8,24,3,13
8,24,3,1
8,24,7,13
14,14,3,1
14,14,13,11
10,20,9,17
20,10,3,1
20,10,19,7
10,20,3,1
6,36,3,1
12,18,3,1
18,12,17,9
36,6,35,3
8,28,3,1
4,56,3,29
56,4,27,1
28,8,27,5
6,42,3,1
42,6,27,1
42,6,41,3
6,42,5,15
8,32,3,17
8,32,3,1
16,16,7,5
16,16,7,13
4,64,3,33
16,16,3,1
16,16,15,5
16,16,15,13
16,16,7,1
16,16,7,9
8,32,7,17
16,16,15,9
16,16,11,1
16,16,3,9
16,16,11,9
32,8,31,5
32,8,15,5
32,8,15,1
64,4,31,1
4,72,3,37
72,4,35,1
48,6,47,3
48,6,15,1
12,24,3,13
12,24,11,13
12,24,11,9
24,12,11,9
24,12,23,9
24,12,11,1
24,12,15,1
24,12,3,1
6,48,3,1
6,48,5,33
8,36,3,1
12,24,3,1
12,24,11,21
36,8,35,5
30,10,29,7
10,30,9,7
30,10,23,1
10,30,3,1
40,8,19,1
40,8,19,5
40,8,39,5
80,4,39,1
8,40,3,1
8,40,3,21
8,40,7,21
16,20,7,1
20,16,19,9
4,80,3,41
6,54,3,1
18,18,17,15
18,18,3,1
54,6,53,3
44,8,43,5
4,88,3,45
88,4,43,1
8,44,3,1
60,6,59,3
60,6,39,1
30,12,29,9
30,12,9,1
12,30,11,21
12,30,3,1
6,60,5,21
6,60,3,1
48,8,11,1
48,8,35,1
48,8,23,1
48,8,23,5
48,8,47,5
32,12,15,1
24,16,11,9
24,16,23,9
24,16,11,1
24,16,23,5
24,16,23,13
96,4,47,1
16,24,3,1
16,24,11,1
16,24,15,13
16,24,7,1
16,24,7,13
12,32,11,17
8,48,3,1
8,48,3,25
8,48,7,25
8,48,7,13
8,48,7,37
4,96,3,49
28,14,3,1
28,14,27,11
14,28,3,1
14,28,13,25
66,6,65,3
66,6,21,1
6,66,3,1
6,66,5,45
10,40,3,1
10,40,9,17
20,20,19,17
20,20,3,1
40,10,23,1
40,10,39,7
104,4,51,1
52,8,51,5
4,104,3,53
8,52,3,1
72,6,71,3
24,18,15,1
36,12,35,9
6,72,3,1
18,24,17,9
12,36,3,1
4,112,3,57
8,56,3,29
8,56,3,1
8,56,7,29
28,16,27,9
56,8,55,5
56,8,27,5
56,8,27,1
112,4,55,1
16,28,7,1
78,6,77,3
6,78,3,1
78,6,51,1
6,78,5,27
4,120,3,61
8,60,3,1
12,40,11,21
20,24,19,13
120,4,59,1
24,20,11,1
60,8,59,5
40,12,19,1
22,22,21,19
22,22,3,1
50,10,49,7
10,50,3,1
6,84,5,57
6,84,3,1
12,42,11,15
12,42,3,1
42,12,27,1
42,12,41,9
84,6,27,1
84,6,83,3
4,128,3,65
8,64,7,33
8,64,3,33
8,64,3,1
16,32,15,13
16,32,15,29
16,32,7,17
16,32,7,1
16,32,15,17
16,32,11,17
16,32,11,1
16,32,3,17
16,32,3,1
128,4,63,1
32,16,15,13
64,8,31,1
64,8,31,5
64,8,63,5
32,16,19,1
32,16,3,1
32,16,15,9
32,16,31,9
32,16,15,1
32,16,15,5
32,16,31,5
32,16,31,13
90,6,89,3
30,18,9,1
6,90,3,1
18,30,17,21
136,4,67,1
8,68,3,1
68,8,67,5
4,136,3,69
72,8,35,1
72,8,35,5
72,8,71,5
16,36,7,1
144,4,71,1
96,6,63,1
96,6,95,3
48,12,23,9
48,12,47,9
48,12,23,1
48,12,15,1
48,12,39,1
24,24,11,9
24,24,23,9
24,24,23,21
24,24,23,13
6,96,5,33
6,96,3,1
4,144,3,73
12,48,3,25
12,48,3,1
24,24,11,13
24,24,3,1
24,24,3,13
24,24,15,1
8,72,7,37
8,72,3,37
8,72,3,1
12,48,11,25
12,48,11,33
36,16,35,9
12,48,11,9
24,24,11,1
24,24,15,13
24,24,11,21
14,42,13,25
14,42,3,1
42,14,17,1
42,14,41,11
10,60,3,1
10,60,9,37
20,30,3,1
20,30,19,7
30,20,23,1
30,20,29,17
60,10,23,1
60,10,59,7
152,4,75,1
76,8,75,5
8,76,3,1
4,152,3,77
102,6,33,1
102,6,101,3
6,102,3,1
6,102,5,69
160,4,79,1
80,8,39,1
80,8,19,1
80,8,79,5
80,8,59,1
40,16,19,1
40,16,19,9
40,16,39,9
20,32,19,17
16,40,3,1
16,40,11,1
16,40,7,1
80,8,39,5
8,80,3,1
8,80,3,41
8,80,7,41
8,80,7,21
8,80,7,61
40,16,39,5
40,16,39,13
32,20,15,1
16,40,7,21
4,160,3,81
16,40,15,21
36,18,3,1
36,18,35,15
54,12,53,9
108,6,107,3
18,36,3,1
6,108,3,1
12,54,3,1
18,36,17,33
28,24,27,13
4,168,3,85
168,4,83,1
84,8,83,5
24,28,11,1
12,56,11,29
8,84,3,1
56,12,27,1
26,26,25,23
26,26,3,1
6,114,5,39
6,114,3,1
114,6,113,3
114,6,75,1
10,70,9,57
70,10,13,1
70,10,69,7
10,70,3,1
176,4,87,1
4,176,3,89
44,16,43,9
88,8,43,5
88,8,43,1
88,8,87,5
8,88,3,45
8,88,7,45
16,44,7,1
8,88,3,1
120,6,119,3
120,6,39,1
60,12,59,9
60,12,39,1
30,24,29,9
30,24,9,1
6,120,5,81
6,120,3,1
24,30,23,21
12,60,3,1
12,60,11,21
24,30,15,1
184,4,91,1
92,8,91,5
8,92,3,1
4,184,3,93
126,6,125,3
6,126,3,1
18,42,17,15
42,18,27,1
4,192,3,97
12,64,11,33
16,48,7,37
16,48,7,13
16,48,7,25
16,48,7,1
16,48,15,37
16,48,15,13
16,48,15,25
16,48,11,25
16,48,11,1
16,48,3,25
16,48,3,1
24,32,11,17
24,32,11,1
24,32,23,17
8,96,7,49
8,96,3,49
8,96,3,1
192,4,95,1
48,16,23,9
48,16,47,9
48,16,11,1
48,16,23,1
48,16,23,5
48,16,23,13
48,16,47,13
32,24,15,13
32,24,31,13
32,24,15,1
96,8,47,1
96,8,47,5
96,8,95,5
64,12,31,1
48,16,11,9
48,16,35,9
48,16,35,1
48,16,47,5
14,56,13,25
14,56,3,1
28,28,27,25
56,14,31,1
56,14,55,11
28,28,3,1
66,12,21,1
12,66,3,1
132,6,131,3
132,6,87,1
12,66,11,45
6,132,3,1
6,132,5,45
66,12,65,9
40,20,39,17
40,20,19,17
40,20,3,1
40,20,19,1
40,20,23,1
80,10,63,1
80,10,79,7
100,8,99,5
200,4,99,1
20,40,3,1
20,40,3,21
20,40,19,37
20,40,19,21
20,40,19,17
10,80,9,17
10,80,3,1
4,200,3,101
8,100,3,1
138,6,137,3
138,6,45,1
6,138,3,1
6,138,5,93
104,8,103,5
52,16,51,9
4,208,3,105
104,8,51,1
8,104,7,53
8,104,3,1
8,104,3,53
16,52,7,1
104,8,51,5
208,4,103,1
6,144,3,1
8,108,3,1
36,24,35,13
12,72,11,37
36,24,35,21
24,36,15,1
18,48,17,33
24,36,11,1
12,72,3,1
12,72,3,37
4,216,3,109
216,4,107,1
72,12,71,9
72,12,35,9
144,6,143,3
108,8,107,5
24,36,3,1
72,12,35,1
48,18,15,1
36,24,35,9
8,112,7,85
56,16,55,5
56,16,55,9
8,112,7,29
8,112,7,57
56,16,27,9
56,16,27,1
8,112,3,57
32,28,15,1
56,16,55,13
8,112,3,1
16,56,15,29
16,56,7,29
16,56,7,1
4,224,3,113
224,4,111,1
112,8,27,1
16,56,11,1
16,56,3,1
28,32,27,17
112,8,111,5
112,8,55,5
112,8,55,1
112,8,83,1
10,90,3,1
30,30,9,1
30,30,9,7
10,90,9,37
6,150,3,1
6,150,5,51
90,10,53,1
150,6,149,3
30,30,3,1
30,30,23,1
150,6,99,1
90,10,89,7
30,30,23,21
30,30,29,27
30,30,29,7
30,30,29,21
116,8,115,5
4,232,3,117
232,4,115,1
8,116,3,1
12,78,3,1
156,6,51,1
6,156,3,1
6,156,5,105
156,6,155,3
12,78,11,27
78,12,77,9
78,12,51,1
8,120,7,61
8,120,3,61
8,120,3,1
12,80,11,41
16,60,7,1
20,48,19,25
24,40,11,21
24,40,11,1
24,40,23,21
4,240,3,121
80,12,39,1
60,16,59,9
48,20,23,1
40,24,19,13
40,24,39,13
240,4,119,1
120,8,59,1
120,8,59,5
120,8,119,5
40,24,19,1
22,44,21,41
44,22,43,19
22,44,3,1
44,22,3,1
162,6,161,3
54,18,53,15
18,54,3,1
6,162,3,1
14,70,3,1
14,70,13,11
70,14,69,11
70,14,59,1
124,8,123,5
4,248,3,125
248,4,123,1
8,124,3,1
10,100,3,1
100,10,99,7
20,50,3,1
50,20,49,17
12,84,11,57
12,84,3,1
6,168,5,57
6,168,3,1
24,42,23,15
24,42,15,1
42,24,41,9
42,24,27,1
84,12,27,1
84,12,83,9
168,6,167,3
168,6,111,1
64,16,31,9
64,16,63,9
64,16,31,1
64,16,31,5
64,16,63,5
64,16,31,13
128,8,63,1
128,8,63,5
128,8,127,5
256,4,127,1
4,256,3,129
64,16,63,13
32,32,19,17
32,32,3,17
32,32,19,1
32,32,3,1
16,64,7,33
16,64,7,1
16,64,15,33
16,64,11,33
16,64,11,1
16,64,3,33
32,32,15,13
32,32,15,29
32,32,31,13
32,32,15,1
32,32,15,17
32,32,31,17
8,128,7,65
8,128,3,65
8,128,3,1
16,64,3,1
32,32,31,29
6,174,3,1
174,6,173,3
174,6,57,1
6,174,5,117
24,44,11,1
12,88,11,45
8,132,3,1
132,8,131,5
88,12,43,1
44,24,43,13
4,264,3,133
264,4,131,1
180,6,179,3
90,12,89,9
60,18,39,1
36,30,35,21
12,90,3,1
18,60,17,21
6,180,3,1
30,36,9,1
136,8,135,5
16,68,7,1
8,136,3,69
8,136,3,1
8,136,7,69
4,272,3,137
136,8,67,1
136,8,67,5
68,16,67,9
272,4,135,1
10,110,9,67
10,110,3,1
110,10,109,7
110,10,43,1
6,186,3,1
6,186,5,63
186,6,185,3
186,6,123,1
20,56,19,29
28,40,27,21
8,140,3,1
4,280,3,141
280,4,139,1
140,8,139,5
56,20,27,1
40,28,19,1
16,72,11,1
16,72,3,1
12,96,3,49
12,96,3,1
12,96,11,49
12,96,11,81
12,96,11,33
16,72,15,37
16,72,7,37
16,72,7,1
24,48,11,25
24,48,11,1
24,48,23,37
24,48,23,13
24,48,23,25
24,48,23,33
24,48,11,33
24,48,11,9
24,48,23,9
24,48,23,21
24,48,23,45
32,36,15,1
36,32,35,17
48,24,3,1
48,24,27,1
48,24,39,1
48,24,39,13
48,24,15,13
48,24,15,1
48,24,23,1
48,24,11,1
48,24,47,13
48,24,23,13
48,24,47,21
48,24,47,9
48,24,23,9
48,24,11,9
48,24,35,9
72,16,71,13
72,16,71,5
72,16,71,9
72,16,35,9
48,24,23,21
72,16,35,1
96,12,15,1
96,12,47,1
96,12,95,9
96,12,47,9
24,48,15,13
24,48,15,37
24,48,15,1
24,48,3,25
24,48,3,1
144,8,143,5
144,8,71,5
144,8,71,1
144,8,107,1
144,8,35,1
96,12,63,1
192,6,63,1
288,4,143,1
8,144,3,1
8,144,3,73
8,144,7,73
8,144,7,37
8,144,7,109
192,6,191,3
48,24,35,1
4,288,3,145
6,192,3,1
6,192,5,129
24,48,15,25
34,34,33,31
34,34,3,1
84,14,59,1
84,14,83,11
42,28,17,1
42,28,41,25
14,84,13,25
14,84,3,1
28,42,27,25
28,42,3,1
148,8,147,5
296,4,147,1
8,148,3,1
4,296,3,149
198,6,197,3
66,18,21,1
6,198,3,1
18,66,17,45
120,10,119,7
60,20,23,1
60,20,59,17
40,30,23,1
30,40,29,17
30,40,23,1
20,60,3,1
20,60,19,37
120,10,23,1
10,120,3,1
10,120,9,97
40,30,39,7
8,152,3,1
8,152,3,77
76,16,75,9
152,8,75,5
152,8,75,1
8,152,7,77
4,304,3,153
16,76,7,1
152,8,151,5
304,4,151,1
102,12,101,9
204,6,135,1
204,6,203,3
6,204,5,69
6,204,3,1
12,102,11,69
102,12,33,1
12,102,3,1
12,104,11,53
24,52,11,1
312,4,155,1
156,8,155,5
8,156,3,1
104,12,51,1
52,24,51,13
4,312,3,157
6,210,5,141
6,210,3,1
210,6,69,1
30,42,9,1
30,42,29,15
42,30,41,21
42,30,27,1
210,6,209,3
4,320,3,161
20,64,19,33
32,40,15,21
32,40,15,1
32,40,31,21
40,32,39,17
40,32,19,17
64,20,31,1
80,16,19,9
80,16,39,1
80,16,59,1
80,16,19,1
8,160,3,1
8,160,7,81
8,160,3,81
16,80,15,61
16,80,15,21
16,80,15,41
16,80,7,61
16,80,7,21
16,80,7,1
16,80,11,41
16,80,11,1
16,80,3,41
16,80,3,1
320,4,159,1
40,32,19,1
80,16,79,13
80,16,39,13
80,16,79,5
80,16,39,5
80,16,79,9
80,16,39,9
80,16,59,9
160,8,159,5
160,8,79,5
160,8,79,1
16,80,7,41
216,6,215,3
108,12,107,9
72,18,39,1
72,18,71,15
54,24,53,9
36,36,3,1
36,36,35,33
24,54,15,1
18,72,3,1
18,72,17,33
12,108,3,1
6,216,3,1
130,10,103,1
10,130,3,1
10,130,9,27
130,10,129,7
328,4,163,1
164,8,163,5
4,328,3,165
8,164,3,1
222,6,221,3
6,222,3,1
6,222,5,75
222,6,147,1
168,8,83,1
168,8,167,5
28,48,27,25
24,56,11,1
24,56,11,29
24,56,23,29
16,84,7,1
12,112,11,57
168,8,83,5
8,168,3,1
8,168,3,85
8,168,7,85
4,336,3,169
56,24,27,1
56,24,27,13
48,28,23,1
336,4,167,1
112,12,55,1
84,16,83,9
56,24,55,13
52,26,51,23
52,26,3,1
26,52,3,1
26,52,25,49
12,114,11,39
12,114,3,1
6,228,5,153
6,228,3,1
114,12,75,1
114,12,113,9
228,6,75,1
228,6,227,3
98,14,97,11
14,98,3,1
344,4,171,1
172,8,171,5
4,344,3,173
8,172,3,1
10,140,3,1
10,140,9,57
20,70,3,1
20,70,19,57
70,20,13,1
70,20,69,17
140,10,83,1
140,10,139,7
18,78,17,27
6,234,3,1
234,6,233,3
78,18,51,1
32,44,15,1
16,88,3,1
16,88,11,1
16,88,7,1
16,88,15,45
16,88,7,45
8,176,3,1
8,176,3,89
8,176,7,89
8,176,7,45
8,176,7,133
4,352,3,177
88,16,43,9
88,16,43,1
88,16,87,9
88,16,87,5
88,16,87,13
44,32,43,17
176,8,87,1
176,8,43,1
176,8,131,1
176,8,87,5
176,8,175,5
352,4,175,1
360,4,179,1
240,6,239,3
240,6,159,1
180,8,179,5
120,12,59,1
120,12,119,9
120,12,59,9
40,36,19,1
48,30,47,21
48,30,15,1
60,24,39,1
60,24,39,13
60,24,59,13
60,24,59,21
60,24,59,9
72,20,35,1
120,12,99,1
120,12,39,1
4,360,3,181
30,48,9,1
24,60,11,21
30,48,29,33
6,240,5,81
24,60,15,1
8,180,3,1
12,120,3,61
12,120,3,1
12,120,11,61
12,120,11,81
12,120,11,21
20,72,19,37
24,60,11,1
24,60,3,1
24,60,23,21
6,240,3,1
36,40,35,21
38,38,37,35
38,38,3,1
22,66,21,19
66,22,47,1
66,22,65,19
22,66,3,1
16,92,7,1
8,184,3,93
92,16,91,9
184,8,91,5
184,8,183,5
184,8,91,1
8,184,3,1
8,184,7,93
4,368,3,185
368,4,183,1
6,246,3,1
246,6,81,1
246,6,245,3
6,246,5,165
30,50,23,1
50,30,49,7
10,150,3,1
150,10,149,7
4,376,3,189
188,8,187,5
376,4,187,1
8,188,3,1
6,252,3,1
42,36,27,1
84,18,27,1
36,42,35,15
18,84,17,57
12,126,3,1
252,6,251,3
126,12,125,9
8,192,3,1
8,192,3,97
8,192,7,97
12,128,11,65
4,384,3,193
48,32,47,29
16,96,7,49
16,96,7,1
16,96,15,13
16,96,15,61
16,96,15,49
16,96,11,49
16,96,11,1
16,96,3,49
16,96,3,1
24,64,11,33
24,64,11,1
24,64,23,33
32,48,15,37
32,48,31,37
32,48,15,13
32,48,31,13
32,48,15,25
32,48,15,1
32,48,31,25
32,48,19,1
32,48,3,1
384,4,191,1
64,24,31,13
64,24,63,13
64,24,31,1
48,32,11,17
48,32,11,1
48,32,35,17
48,32,23,17
48,32,47,17
48,32,23,1
48,32,47,13
192,8,95,1
192,8,95,5
192,8,191,5
128,12,63,1
96,16,47,9
96,16,95,9
96,16,83,1
96,16,35,1
96,16,47,1
96,16,47,5
96,16,95,5
96,16,47,13
96,16,95,13
48,32,35,1
258,6,257,3
258,6,171,1
6,258,5,87
6,258,3,1
28,56,27,53
8,196,3,1
14,112,3,1
14,112,13,81
28,56,27,25
28,56,27,29
28,56,3,29
28,56,3,1
4,392,3,197
392,4,195,1
56,28,55,25
112,14,111,11
112,14,31,1
56,28,31,1
56,28,27,1
56,28,3,1
56,28,27,25
196,8,195,5
66,24,21,1
66,24,65,9
132,12,131,9
264,6,263,3
264,6,87,1
132,12,87,1
24,66,15,1
24,66,23,45
12,132,11,45
12,132,3,1
6,264,5,177
6,264,3,1
40,40,39,17
20,80,3,41
20,80,3,1
40,40,19,37
40,40,19,21
40,40,19,17
40,40,19,1
40,40,39,37
4,400,3,201
20,80,19,57
20,80,19,41
20,80,19,17
16,100,7,1
10,160,9,97
10,160,3,1
8,200,3,101
8,200,3,1
8,200,7,101
40,40,3,1
40,40,3,21
40,40,23,1
400,4,199,1
100,16,99,9
160,10,63,1
160,10,159,7
200,8,99,5
200,8,199,5
200,8,99,1
40,40,23,21
40,40,39,21
80,20,79,17
80,20,39,17
80,20,23,1
80,20,39,1
80,20,63,1
270,6,269,3
90,18,39,1
90,18,89,15
54,30,53,21
18,90,3,1
18,90,17,51
6,270,3,1
30,54,9,1
8,204,3,1
4,408,3,205
136,12,67,1
204,8,203,5
68,24,67,13
408,4,203,1
12,136,11,69
24,68,11,1
276,6,183,1
138,12,137,9
138,12,45,1
276,6,275,3
12,138,3,1
6,276,3,1
12,138,11,93
6,276,5,93
4,416,3,209
8,208,7,53
8,208,7,157
8,208,7,105
8,208,3,105
8,208,3,1
16,104,7,53
16,104,15,53
16,104,7,1
16,104,11,1
16,104,3,1
32,52,15,1
52,32,51,17
104,16,103,13
104,16,103,5
104,16,103,9
104,16,51,1
104,16,51,9
208,8,207,5
208,8,103,5
208,8,103,1
208,8,51,1
416,4,207,1
208,8,155,1
282,6,281,3
282,6,93,1
6,282,3,1
6,282,5,189
4,424,3,213
8,212,3,1
424,4,211,1
212,8,211,5
170,10,33,1
10,170,3,1
170,10,169,7
10,170,9,137
72,24,71,21
72,24,35,9
72,24,71,9
72,24,35,1
72,24,35,21
72,24,35,13
72,24,71,13
96,18,63,1
216,8,215,5
288,6,287,3
108,16,107,9
144,12,71,9
144,12,143,9
144,12,71,1
432,4,215,1
216,8,107,1
24,72,3,1
24,72,23,37
24,72,11,1
18,96,17,33
16,108,7,1
12,144,3,73
12,144,3,1
12,144,11,73
48,36,23,1
36,48,35,9
36,48,35,33
216,8,107,5
36,48,35,25
24,72,15,37
48,36,15,1
48,36,39,1
6,288,3,1
4,432,3,217
24,72,3,37
24,72,15,1
24,72,11,37
8,216,3,1
8,216,3,109
8,216,7,109
4,440,3,221
440,4,219,1
8,220,3,1
220,8,219,5
20,88,19,45
40,44,19,1
44,40,43,21
88,20,43,1
42,42,41,25
42,42,17,1
42,42,17,15
42,42,41,15
14,126,3,1
14,126,13,109
42,42,27,25
6,294,5,99
6,294,3,1
42,42,3,1
294,6,195,1
126,14,17,1
126,14,125,11
42,42,27,1
294,6,293,3
42,42,41,39
32,56,15,29
16,112,15,57
32,56,15,1
112,16,55,9
32,56,31,29
28,64,27,33
16,112,7,1
16,112,7,29
16,112,7,85
16,112,15,29
16,112,15,85
16,112,3,1
16,112,3,57
16,112,11,57
16,112,7,57
56,32,27,1
56,32,55,17
56,32,27,17
64,28,31,1
8,224,3,1
8,224,3,113
8,224,7,113
16,112,11,1
224,8,223,5
224,8,111,5
224,8,111,1
112,16,111,9
112,16,83,9
112,16,27,9
112,16,55,1
112,16,83,1
112,16,27,1
112,16,111,5
112,16,111,13
112,16,55,13
112,16,55,5
448,4,223,1
4,448,3,225
10,180,3,1
6,300,3,1
6,300,5,201
10,180,9,37
12,150,11,51
12,150,3,1
20,90,19,37
20,90,3,1
30,60,23,1
30,60,9,1
30,60,3,1
30,60,29,37
30,60,29,21
30,60,23,21
30,60,9,37
60,30,23,21
60,30,39,7
60,30,3,1
60,30,39,1
60,30,23,1
60,30,59,27
60,30,59,21
60,30,59,7
90,20,89,17
90,20,53,1
300,6,99,1
300,6,299,3
180,10,179,7
180,10,143,1
150,12,99,1
150,12,149,9
30,60,29,57
8,228,3,1
4,456,3,229
12,152,11,77
24,76,11,1
456,4,227,1
76,24,75,13
152,12,75,1
228,8,227,5
306,6,305,3
102,18,33,1
6,306,3,1
18,102,17,69
16,116,7,1
8,232,3,117
8,232,3,1
116,16,115,9
8,232,7,117
232,8,115,5
232,8,231,5
232,8,115,1
464,4,231,1
4,464,3,233
24,78,23,27
24,78,15,1
12,156,11,105
12,156,3,1
6,312,3,1
6,312,5,105
312,6,207,1
312,6,311,3
156,12,155,9
156,12,51,1
78,24,77,9
78,24,51,1
4,472,3,237
472,4,235,1
8,236,3,1
236,8,235,5
10,190,3,1
190,10,189,7
190,10,113,1
10,190,9,77
318,6,105,1
6,318,5,213
318,6,317,3
6,318,3,1
4,480,3,241
8,240,7,181
8,240,7,61
8,240,7,121
8,240,3,121
20,96,19,49
24,80,11,41
24,80,11,1
24,80,23,61
24,80,23,21
24,80,23,41
32,60,15,1
40,48,39,37
40,48,39,13
40,48,19,25
40,48,19,1
40,48,39,25
48,40,23,1
48,40,47,21
48,40,23,21
48,40,35,1
48,40,11,1
60,32,59,17
80,24,39,1
80,24,59,1
80,24,19,1
80,24,79,13
80,24,39,13
96,20,47,1
120,16,119,13
120,16,119,5
120,16,119,9
120,16,59,9
120,16,59,1
160,12,79,1
8,240,3,1
480,4,239,1
16,120,3,1
16,120,11,1
16,120,7,1
16,120,7,61
16,120,15,61
12,160,11,81
240,8,239,5
240,8,119,5
240,8,119,1
240,8,179,1
240,8,59,1
44,44,3,1
22,88,21,41
22,88,3,1
44,44,43,41
88,22,87,19
88,22,47,1
162,12,161,9
108,18,107,15
54,36,53,33
36,54,3,1
18,108,3,1
12,162,3,1
6,324,3,1
324,6,323,3
8,244,3,1
244,8,243,5
488,4,243,1
4,488,3,245
14,140,3,1
14,140,13,81
28,70,27,11
140,14,139,11
70,28,69,25
70,28,59,1
140,14,59,1
28,70,3,1
6,330,5,111
6,330,3,1
30,66,29,45
30,66,9,1
66,30,21,1
330,6,219,1
66,30,65,21
330,6,329,3
4,496,3,249
8,248,7,125
8,248,3,125
8,248,3,1
16,124,7,1
496,4,247,1
248,8,123,5
248,8,247,5
124,16,123,9
248,8,123,1
40,50,23,1
20,100,3,1
10,200,3,1
100,20,99,17
200,10,199,7
50,40,49,17
